<?xml version="1.0"?>
<textures_lib />
<materials_lib />
<geometry_lib />
<lights_lib />
<cam_lib />
<render_lib />
<scenes>
  <scene id="0" name="my scene" discard="1" bbox="-0.18371 0.184269 -0.000345558 0.179642 -0.161245 0.231454">
    <remap_lists>
      <remap_list id="0" size="2" val="0 6 " />
    </remap_lists>
    <instance id="0" mesh_id="0" rmap_id="0" scn_id="0" scn_sid="0" matrix="0.99997 -0.00560859 0.00532348 -0.00151838 0.00562236 0.999981 -0.00257491 0.334271 -0.00530894 0.00260474 0.999982 0.0287614 0 0 0 1 " />
    <instance id="1" mesh_id="1" rmap_id="0" scn_id="0" scn_sid="0" matrix="-0.0034498 0.428878 0.903356 0.15469 0.938794 -0.309786 0.150659 0.141044 0.344462 0.848585 -0.401559 0.1158 0 0 0 1 " />
    <instance id="2" mesh_id="1" rmap_id="0" scn_id="0" scn_sid="0" matrix="-0.00560914 0.941482 0.337017 0.173479 0.999981 0.00440288 0.00434341 0.161702 0.0026054 0.337035 -0.941488 0.027407 0 0 0 1 " />
    <instance id="3" mesh_id="1" rmap_id="0" scn_id="0" scn_sid="0" matrix="-0.151074 0.882897 -0.4446 0.108933 0.499345 0.456321 0.736496 0.0704715 0.85313 -0.110743 -0.509809 0.175598 0 0 0 1 " />
    <instance id="4" mesh_id="1" rmap_id="0" scn_id="0" scn_sid="0" matrix="-0.151075 0.365958 0.918287 -0.105772 0.499345 -0.773464 0.390394 0.0692643 0.85313 0.517521 -0.0658885 0.176738 0 0 0 1 " />
    <instance id="5" mesh_id="1" rmap_id="0" scn_id="0" scn_sid="0" matrix="0.0740649 -0.323499 0.943326 -4.08232e-06 0.416739 -0.849331 -0.323985 0.0181706 0.906004 0.417116 0.0719091 0.211776 0 0 0 1 " />
    <instance id="6" mesh_id="1" rmap_id="0" scn_id="0" scn_sid="0" matrix="-0.00344979 0.942032 0.335507 -0.152583 0.938794 -0.11252 0.325584 0.139316 0.344461 0.316095 -0.883986 0.117432 0 0 0 1 " />
    <instance id="7" mesh_id="1" rmap_id="0" scn_id="0" scn_sid="0" matrix="-0.00560914 0.941482 0.337017 -0.172819 0.999981 0.00440288 0.00434341 0.159755 0.0026054 0.337035 -0.941488 0.0292455 0 0 0 1 " />
    <instance id="8" mesh_id="2" rmap_id="0" scn_id="0" scn_sid="0" matrix="-0.00344979 0.335507 -0.942032 -0.152597 0.938794 0.325584 0.11252 0.144023 0.344461 -0.883986 -0.316095 0.119147 0 0 0 1 " />
    <instance id="9" mesh_id="2" rmap_id="0" scn_id="0" scn_sid="0" matrix="-0.00560914 0.337017 -0.941482 -0.172844 0.999981 0.00434341 -0.00440288 0.164764 0.0026054 -0.941488 -0.337035 0.0292478 0 0 0 1 " />
    <instance id="10" mesh_id="2" rmap_id="0" scn_id="0" scn_sid="0" matrix="-0.0034498 0.903356 -0.428878 0.154683 0.938794 0.150659 0.309786 0.145748 0.344462 -0.401559 -0.848585 0.117521 0 0 0 1 " />
    <instance id="11" mesh_id="2" rmap_id="0" scn_id="0" scn_sid="0" matrix="-0.151075 0.918287 -0.365958 -0.106518 0.499345 0.390394 0.773464 0.0717702 0.85313 -0.0658886 -0.517521 0.181011 0 0 0 1 " />
    <instance id="12" mesh_id="2" rmap_id="0" scn_id="0" scn_sid="0" matrix="0.0740649 0.943326 0.323499 0.000377729 0.416739 -0.323985 0.849331 0.0202545 0.906004 0.0719091 -0.417116 0.216315 0 0 0 1 " />
    <instance id="13" mesh_id="2" rmap_id="0" scn_id="0" scn_sid="0" matrix="-0.00560914 0.337017 -0.941482 0.173454 0.999981 0.00434341 -0.00440288 0.166711 0.0026054 -0.941488 -0.337035 0.0274093 0 0 0 1 " />
    <instance id="14" mesh_id="2" rmap_id="0" scn_id="0" scn_sid="0" matrix="-0.151074 -0.4446 -0.882897 0.108171 0.499345 0.736496 -0.456321 0.0729813 0.85313 -0.509809 0.110743 0.179866 0 0 0 1 " />
    <instance id="15" mesh_id="3" rmap_id="0" scn_id="0" scn_sid="0" matrix="-0.388136 0.883357 -0.262738 -0.079307 -0.873183 -0.261292 0.411433 0.116645 0.294791 0.38911 0.87275 0.194495 0 0 0 1 " />
    <instance id="16" mesh_id="3" rmap_id="0" scn_id="0" scn_sid="0" matrix="0.266719 0.923965 0.274135 0.0721513 -0.893654 0.130588 0.429336 0.119343 0.360892 -0.359494 0.860535 0.195827 0 0 0 1 " />
    <instance id="17" mesh_id="4" rmap_id="0" scn_id="0" scn_sid="0" matrix="0.99997 -0.00560859 0.00532354 -0.00151795 0.00562236 0.999981 -0.00257484 0.334272 -0.005309 0.0026047 0.999982 0.0287612 0 0 0 1 " />
    <instance_light id="0" light_id="0" matrix="1 0 0 0 0 1 0 0 0 0 1 0 0 0 0 1 " lgroup_id="-1" />
  </scene>
</scenes>
